# oST version 5.0 parameters


[image]

width
1600

height
1200

[stereo_right]

camera matrix
777.83018415 0.000000 800.5
0.000000 777.83018415 600.5
0.000000 0.000000 1.000000

distortion
0.0 0.0 0.0 0.0 0.0

rectification
1.0 0.0 0.0
0.0 1.0 0.0
0.0 0.0 1.0


projection
777.83018415 0.000000 800.5 0.-150
0.000000 777.83018415 600.5 0.000000
0.000000 0.000000 1.000000 0.000000
